__OPTIM0__================================================

2021-11-13 09:21                                                        P치gina 1

0	1	2	3	4	5	6	7	8	9	10
288880	273656	274793	277743	269444	269395	277358	274780	271323	267991	289434
93391	93738	94062	92318	100846	95913	84530	93181	91018	87275	95286
16477	15654	16013	16083	16738	16198	15710	17415	16606	17926	16917
18360	18768	17017	17918	20832	17985	16834	17199	18635	17261	17375
36676	32472	31749	31083	32507	31893	32399	32900	32503	32098	32051
15539	9558	10427	10879	11480	9726	10381	10379	10075	10651	8995
5154	4222	4162	4044	4439	4291	4242	4815	4385	4401	3970
1409	1166	904	1081	978	1186	1120	1354	1710	1044	1080
4910	5262	4859	4971	4870	4914	4499	4899	4684	5310	5140
1285	1087	1330	1065	1242	1078	1222	1507	1280	1174	1261


__OPTIMg__================================================


2021-11-13 09:23                                                        P치gina 1


0	1	2	3	4	5	6	7	8	9	10
92484	85413	82711	79130	83495	81502	88094	78523	79336	80354	79280
17401	16463	16693	16414	15944	16531	16520	18133	16251	15093	15348
15551	14464	15680	16371	16197	15884	15060	16211	15177	14962	15094
23884	21573	23944	20983	21094	21914	20151	24290	22386	21287	21541
10362	9986	9164	9235	9237	10032	9606	8772	9116	9531	9117
5061	4719	4560	6130	4945	5176	5234	5569	5193	5401	4655
3222	2792	3107	2834	3040	2928	2626	3032	2083	2910	2429
714	712	629	928	673	678	671	681	613	769	883
1070	973	1280	1731	1245	1045	905	1007	1024	1096	1118
466	309	456	516	667	537	395	402	444	402	414


__OPTIM1__================================================


2021-11-13 09:23                                                        P치gina 1

0	1	2	3	4	5	6	7	8	9	10
74304	76737	71678	70963	71981	71911	74066	72193	74002	70808	73655
18872	17376	16465	16233	15975	16453	17894	17387	16468	16471	17332
22721	16372	15606	18616	15960	15404	16463	16121	15643	15222	15988
18121	18088	17079	17716	16514	16533	17898	20384	15920	16440	18118
10540	9010	9546	11424	10937	9524	10017	9191	9670	9908	9751
4765	4977	4613	4305	4379	4069	4052	4823	4718	5160	4219
2686	2364	2579	2608	2357	2520	2675	2488	2720	2962	2171
869	549	717	744	766	665	655	736	693	803	674
1138	784	1386	1040	1117	1208	1035	1025	945	1066	1318
673	269	396	690	325	585	335	563	427	455	763

__OPTIM2__================================================


2021-11-13 09:23                                                        P치gina 1

0	1	2	3	4	5	6	7	8	9	10
72789	77485	70320	69392	74771	71495	76034	71452	72453	70399	71461
18611	17452	16841	17562	17311	17541	17791	17151	17256	17427	17359
20101	17460	14988	15682	15284	17867	16008	15231	14731	15800	16220
18123	16644	17925	20520	15701	20659	16986	19712	17350	16607	17073
12121	10016	10091	11406	11188	12469	10123	8913	10187	9138	10029
4807	4600	3807	4166	4352	4991	4415	6141	4211	4384	4451
2866	2617	2540	2402	2635	2533	2662	2621	2614	2542	2461
538	758	456	725	645	598	729	604	625	564	568
885	1058	630	997	945	839	1092	1034	919	784	751
415	487	314	538	404	511	468	950	346	537	336
